home_position: [0.4388423764022139, 0.1934587665003104, 0.4487227471215947, 0.1892736267162431, 0.6846541390980464, 0.681274688789527, 0.1768869765141768]
retract_position: [0.1633086568468949, -0.07025444265491707, 0.1403383700944189, -0.6537876868356972, 0.7435995477834133, -0.08934840369663569, 0.1078806555189353]
vertical_position: [0.05707859787796918, -0.009976134658807105, 1.003241696976918, 1.427010366336149e-05, 8.644348281990301e-05, 0.7071070738096416, 0.7071064831354998]